{
 "cells": [
  {
   "cell_type": "code",
   "execution_count": 55,
   "metadata": {},
   "outputs": [],
   "source": [
    "#assignment DMBA\n",
    "import gurobipy as gp\n",
    "from gurobipy import GRB\n",
    "import random\n",
    "\n",
    "# Create a new model\n",
    "m = gp.Model(\"mip1\")\n",
    "# Create variable"
   ]
  },
  {
   "cell_type": "code",
   "execution_count": 56,
   "metadata": {},
   "outputs": [],
   "source": [
    "n = 10\n",
    "\n",
    "# Initializing an empty adjacency matrix with zeros\n",
    "W = [[0] * n for _ in range(n)]\n",
    "\n",
    "# Generate random edge weights (assuming non-negative weights)\n",
    "for i in range(n):\n",
    "    for j in range(i+1, n):\n",
    "        weight = random.uniform(0, 10)  # Adjust the range as needed\n",
    "        # Ensure that edges are undirected by setting W[i][j] = W[j][i] = weight\n",
    "        W[i][j] = W[j][i] = weight"
   ]
  },
  {
   "cell_type": "code",
   "execution_count": 57,
   "metadata": {},
   "outputs": [],
   "source": [
    "W = [[0,\n",
    "  5.205884181087317,\n",
    "  8.935089929720679,\n",
    "  5.449876925091727,\n",
    "  7.936578638772054,\n",
    "  6.345693846061634,\n",
    "  5.547071835485806,\n",
    "  1.8629925394015123,\n",
    "  3.5739285432587033,\n",
    "  6.147851738150712,\n",
    "  5.268905835991231,\n",
    "  6.71712867276406,\n",
    "  9.115456686363748,\n",
    "  1.9904179054742621,\n",
    "  9.56973239688716,\n",
    "  4.80723588019049,\n",
    "  0.8883477864906253,\n",
    "  4.770516553896103,\n",
    "  3.0614760444863762,\n",
    "  8.592361489974735],\n",
    " [5.205884181087317,\n",
    "  0,\n",
    "  7.006052124193075,\n",
    "  0.24819682229077822,\n",
    "  2.479545191348299,\n",
    "  0.6570459051954081,\n",
    "  5.012720920983091,\n",
    "  0.6913149013860498,\n",
    "  6.792677789361391,\n",
    "  8.728427461895055,\n",
    "  7.185145045224485,\n",
    "  7.390545350758925,\n",
    "  9.727366505625469,\n",
    "  6.710426896240395,\n",
    "  3.1569478361521828,\n",
    "  7.183924462340842,\n",
    "  8.329030953189093,\n",
    "  3.7188660389831685,\n",
    "  7.300472676311633,\n",
    "  5.953200659475582],\n",
    " [8.935089929720679,\n",
    "  7.006052124193075,\n",
    "  0,\n",
    "  5.555544695733502,\n",
    "  9.473991909350437,\n",
    "  6.09900126856447,\n",
    "  4.3777250355003074,\n",
    "  8.83867141902575,\n",
    "  2.10696936190602,\n",
    "  8.366759151172582,\n",
    "  6.001774514939359,\n",
    "  4.367919889235081,\n",
    "  0.8886109319983226,\n",
    "  5.891986926719246,\n",
    "  9.160573355125115,\n",
    "  3.3657511436893914,\n",
    "  2.0879543069557602,\n",
    "  6.317843138689836,\n",
    "  9.40303304095081,\n",
    "  8.851941464142207],\n",
    " [5.449876925091727,\n",
    "  0.24819682229077822,\n",
    "  5.555544695733502,\n",
    "  0,\n",
    "  1.1387185605087147,\n",
    "  3.864661460504241,\n",
    "  1.8548298383186346,\n",
    "  1.5159809318981865,\n",
    "  3.946925683231158,\n",
    "  5.473949210124742,\n",
    "  1.2944759158074115,\n",
    "  7.046299242253874,\n",
    "  6.2585550707366195,\n",
    "  8.933261696368044,\n",
    "  7.150231652619814,\n",
    "  6.590061529635277,\n",
    "  2.363141275362126,\n",
    "  9.421239431979858,\n",
    "  2.0517925944914808,\n",
    "  9.792204187452146],\n",
    " [7.936578638772054,\n",
    "  2.479545191348299,\n",
    "  9.473991909350437,\n",
    "  1.1387185605087147,\n",
    "  0,\n",
    "  5.6994578366460535,\n",
    "  6.186981610716264,\n",
    "  3.9882516090449913,\n",
    "  8.403227068239836,\n",
    "  5.812382654893387,\n",
    "  0.354803472027847,\n",
    "  9.38935366674386,\n",
    "  5.011322731458324,\n",
    "  4.099413384562682,\n",
    "  2.767256072341835,\n",
    "  4.191199523029382,\n",
    "  0.31383669586499296,\n",
    "  8.975938161221357,\n",
    "  7.485819563999252,\n",
    "  7.4296058419848565],\n",
    " [6.345693846061634,\n",
    "  0.6570459051954081,\n",
    "  6.09900126856447,\n",
    "  3.864661460504241,\n",
    "  5.6994578366460535,\n",
    "  0,\n",
    "  6.7422425867485645,\n",
    "  4.720447909711394,\n",
    "  6.803473733311927,\n",
    "  2.4140271017228843,\n",
    "  6.707210555893508,\n",
    "  0.22654558642557499,\n",
    "  6.865273239181036,\n",
    "  8.881317448508646,\n",
    "  5.64365220439873,\n",
    "  3.1501965604486792,\n",
    "  6.111370683995641,\n",
    "  2.633220961824554,\n",
    "  9.794963193928599,\n",
    "  0.8597446442934675],\n",
    " [5.547071835485806,\n",
    "  5.012720920983091,\n",
    "  4.3777250355003074,\n",
    "  1.8548298383186346,\n",
    "  6.186981610716264,\n",
    "  6.7422425867485645,\n",
    "  0,\n",
    "  9.995154313097446,\n",
    "  7.83626869445577,\n",
    "  1.9942426589498252,\n",
    "  3.5397785177708707,\n",
    "  1.9133223606200167,\n",
    "  9.353569792605912,\n",
    "  1.0923103215565133,\n",
    "  2.313346742556883,\n",
    "  7.320028578369826,\n",
    "  6.361081779330108,\n",
    "  4.672183275630472,\n",
    "  2.786803910331331,\n",
    "  3.1357650724494257],\n",
    " [1.8629925394015123,\n",
    "  0.6913149013860498,\n",
    "  8.83867141902575,\n",
    "  1.5159809318981865,\n",
    "  3.9882516090449913,\n",
    "  4.720447909711394,\n",
    "  9.995154313097446,\n",
    "  0,\n",
    "  6.957278590854256,\n",
    "  3.836456119683999,\n",
    "  2.2449711489127546,\n",
    "  4.3061287134095725,\n",
    "  2.3018056571854775,\n",
    "  9.742566561346251,\n",
    "  0.4737570344984865,\n",
    "  3.912786701106733,\n",
    "  0.6834560700551484,\n",
    "  3.77558147306471,\n",
    "  9.11765047863353,\n",
    "  3.1136772355402167],\n",
    " [3.5739285432587033,\n",
    "  6.792677789361391,\n",
    "  2.10696936190602,\n",
    "  3.946925683231158,\n",
    "  8.403227068239836,\n",
    "  6.803473733311927,\n",
    "  7.83626869445577,\n",
    "  6.957278590854256,\n",
    "  0,\n",
    "  3.357696641868819,\n",
    "  1.9874093706125362,\n",
    "  4.958243084283024,\n",
    "  2.2942644954371696,\n",
    "  7.4859723096607595,\n",
    "  1.8537085591264657,\n",
    "  2.505772720959788,\n",
    "  0.3922390431568801,\n",
    "  3.255890608494907,\n",
    "  0.849674647325046,\n",
    "  5.754118859050753],\n",
    " [6.147851738150712,\n",
    "  8.728427461895055,\n",
    "  8.366759151172582,\n",
    "  5.473949210124742,\n",
    "  5.812382654893387,\n",
    "  2.4140271017228843,\n",
    "  1.9942426589498252,\n",
    "  3.836456119683999,\n",
    "  3.357696641868819,\n",
    "  0,\n",
    "  1.0135826872530262,\n",
    "  5.443073336404027,\n",
    "  6.6701762881627324,\n",
    "  4.145517701713589,\n",
    "  4.144777006071801,\n",
    "  5.141792436056324,\n",
    "  4.227520664480085,\n",
    "  1.7409813488877846,\n",
    "  9.265012493546186,\n",
    "  7.29949816228916],\n",
    " [5.268905835991231,\n",
    "  7.185145045224485,\n",
    "  6.001774514939359,\n",
    "  1.2944759158074115,\n",
    "  0.354803472027847,\n",
    "  6.707210555893508,\n",
    "  3.5397785177708707,\n",
    "  2.2449711489127546,\n",
    "  1.9874093706125362,\n",
    "  1.0135826872530262,\n",
    "  0,\n",
    "  1.8280028807986293,\n",
    "  9.895826929487995,\n",
    "  2.1975489413851945,\n",
    "  4.569869209034759,\n",
    "  5.295336538794704,\n",
    "  7.568085124750937,\n",
    "  4.180952662184377,\n",
    "  9.373627970754026,\n",
    "  8.742594237379265],\n",
    " [6.71712867276406,\n",
    "  7.390545350758925,\n",
    "  4.367919889235081,\n",
    "  7.046299242253874,\n",
    "  9.38935366674386,\n",
    "  0.22654558642557499,\n",
    "  1.9133223606200167,\n",
    "  4.3061287134095725,\n",
    "  4.958243084283024,\n",
    "  5.443073336404027,\n",
    "  1.8280028807986293,\n",
    "  0,\n",
    "  9.3911773227738,\n",
    "  1.0895594530416874,\n",
    "  7.752063745612258,\n",
    "  1.553785804917599,\n",
    "  0.9723569244626196,\n",
    "  9.04474316594311,\n",
    "  3.0408908527788014,\n",
    "  1.5183598630972328],\n",
    " [9.115456686363748,\n",
    "  9.727366505625469,\n",
    "  0.8886109319983226,\n",
    "  6.2585550707366195,\n",
    "  5.011322731458324,\n",
    "  6.865273239181036,\n",
    "  9.353569792605912,\n",
    "  2.3018056571854775,\n",
    "  2.2942644954371696,\n",
    "  6.6701762881627324,\n",
    "  9.895826929487995,\n",
    "  9.3911773227738,\n",
    "  0,\n",
    "  3.886167504426037,\n",
    "  4.0690460908860455,\n",
    "  7.905546328386604,\n",
    "  0.8302678476086445,\n",
    "  4.7398292765342696,\n",
    "  8.78576370565924,\n",
    "  3.2678001452762406],\n",
    " [1.9904179054742621,\n",
    "  6.710426896240395,\n",
    "  5.891986926719246,\n",
    "  8.933261696368044,\n",
    "  4.099413384562682,\n",
    "  8.881317448508646,\n",
    "  1.0923103215565133,\n",
    "  9.742566561346251,\n",
    "  7.4859723096607595,\n",
    "  4.145517701713589,\n",
    "  2.1975489413851945,\n",
    "  1.0895594530416874,\n",
    "  3.886167504426037,\n",
    "  0,\n",
    "  9.539831477512683,\n",
    "  7.554552616229783,\n",
    "  1.008023243305306,\n",
    "  6.606205740242216,\n",
    "  2.0104986337326425,\n",
    "  1.3150621354532899],\n",
    " [9.56973239688716,\n",
    "  3.1569478361521828,\n",
    "  9.160573355125115,\n",
    "  7.150231652619814,\n",
    "  2.767256072341835,\n",
    "  5.64365220439873,\n",
    "  2.313346742556883,\n",
    "  0.4737570344984865,\n",
    "  1.8537085591264657,\n",
    "  4.144777006071801,\n",
    "  4.569869209034759,\n",
    "  7.752063745612258,\n",
    "  4.0690460908860455,\n",
    "  9.539831477512683,\n",
    "  0,\n",
    "  4.871374070289377,\n",
    "  3.3189639731201503,\n",
    "  4.949802889803371,\n",
    "  5.284655805293791,\n",
    "  3.92214744640931],\n",
    " [4.80723588019049,\n",
    "  7.183924462340842,\n",
    "  3.3657511436893914,\n",
    "  6.590061529635277,\n",
    "  4.191199523029382,\n",
    "  3.1501965604486792,\n",
    "  7.320028578369826,\n",
    "  3.912786701106733,\n",
    "  2.505772720959788,\n",
    "  5.141792436056324,\n",
    "  5.295336538794704,\n",
    "  1.553785804917599,\n",
    "  7.905546328386604,\n",
    "  7.554552616229783,\n",
    "  4.871374070289377,\n",
    "  0,\n",
    "  6.541847976396493,\n",
    "  7.846119862896424,\n",
    "  3.2980511588592143,\n",
    "  9.34442566737461],\n",
    " [0.8883477864906253,\n",
    "  8.329030953189093,\n",
    "  2.0879543069557602,\n",
    "  2.363141275362126,\n",
    "  0.31383669586499296,\n",
    "  6.111370683995641,\n",
    "  6.361081779330108,\n",
    "  0.6834560700551484,\n",
    "  0.3922390431568801,\n",
    "  4.227520664480085,\n",
    "  7.568085124750937,\n",
    "  0.9723569244626196,\n",
    "  0.8302678476086445,\n",
    "  1.008023243305306,\n",
    "  3.3189639731201503,\n",
    "  6.541847976396493,\n",
    "  0,\n",
    "  7.445560386220057,\n",
    "  5.43131339501304,\n",
    "  4.508245605895828],\n",
    " [4.770516553896103,\n",
    "  3.7188660389831685,\n",
    "  6.317843138689836,\n",
    "  9.421239431979858,\n",
    "  8.975938161221357,\n",
    "  2.633220961824554,\n",
    "  4.672183275630472,\n",
    "  3.77558147306471,\n",
    "  3.255890608494907,\n",
    "  1.7409813488877846,\n",
    "  4.180952662184377,\n",
    "  9.04474316594311,\n",
    "  4.7398292765342696,\n",
    "  6.606205740242216,\n",
    "  4.949802889803371,\n",
    "  7.846119862896424,\n",
    "  7.445560386220057,\n",
    "  0,\n",
    "  5.804344917123931,\n",
    "  6.692136250213373],\n",
    " [3.0614760444863762,\n",
    "  7.300472676311633,\n",
    "  9.40303304095081,\n",
    "  2.0517925944914808,\n",
    "  7.485819563999252,\n",
    "  9.794963193928599,\n",
    "  2.786803910331331,\n",
    "  9.11765047863353,\n",
    "  0.849674647325046,\n",
    "  9.265012493546186,\n",
    "  9.373627970754026,\n",
    "  3.0408908527788014,\n",
    "  8.78576370565924,\n",
    "  2.0104986337326425,\n",
    "  5.284655805293791,\n",
    "  3.2980511588592143,\n",
    "  5.43131339501304,\n",
    "  5.804344917123931,\n",
    "  0,\n",
    "  3.4858624777505645],\n",
    " [8.592361489974735,\n",
    "  5.953200659475582,\n",
    "  8.851941464142207,\n",
    "  9.792204187452146,\n",
    "  7.4296058419848565,\n",
    "  0.8597446442934675,\n",
    "  3.1357650724494257,\n",
    "  3.1136772355402167,\n",
    "  5.754118859050753,\n",
    "  7.29949816228916,\n",
    "  8.742594237379265,\n",
    "  1.5183598630972328,\n",
    "  3.2678001452762406,\n",
    "  1.3150621354532899,\n",
    "  3.92214744640931,\n",
    "  9.34442566737461,\n",
    "  4.508245605895828,\n",
    "  6.692136250213373,\n",
    "  3.4858624777505645,\n",
    "  0]]\n",
    "n = len(W)"
   ]
  },
  {
   "cell_type": "code",
   "execution_count": 58,
   "metadata": {},
   "outputs": [],
   "source": [
    "x = {}\n",
    "x = m.addVars(range(n),vtype = \"B\", name=\"x\")\n",
    "y = m.addVars(range(n),range(n),vtype = \"B\", name=\"y\")\n",
    "\n",
    "m.setObjective(sum(W[i][j]*y[i,j] for i in range(n) for j in range(n)), GRB.MAXIMIZE)"
   ]
  },
  {
   "cell_type": "code",
   "execution_count": 59,
   "metadata": {},
   "outputs": [
    {
     "data": {
      "text/plain": [
       "{(0, 0): <gurobi.Constr *Awaiting Model Update*>,\n",
       " (0, 1): <gurobi.Constr *Awaiting Model Update*>,\n",
       " (0, 2): <gurobi.Constr *Awaiting Model Update*>,\n",
       " (0, 3): <gurobi.Constr *Awaiting Model Update*>,\n",
       " (0, 4): <gurobi.Constr *Awaiting Model Update*>,\n",
       " (0, 5): <gurobi.Constr *Awaiting Model Update*>,\n",
       " (0, 6): <gurobi.Constr *Awaiting Model Update*>,\n",
       " (0, 7): <gurobi.Constr *Awaiting Model Update*>,\n",
       " (0, 8): <gurobi.Constr *Awaiting Model Update*>,\n",
       " (0, 9): <gurobi.Constr *Awaiting Model Update*>,\n",
       " (0, 10): <gurobi.Constr *Awaiting Model Update*>,\n",
       " (0, 11): <gurobi.Constr *Awaiting Model Update*>,\n",
       " (0, 12): <gurobi.Constr *Awaiting Model Update*>,\n",
       " (0, 13): <gurobi.Constr *Awaiting Model Update*>,\n",
       " (0, 14): <gurobi.Constr *Awaiting Model Update*>,\n",
       " (0, 15): <gurobi.Constr *Awaiting Model Update*>,\n",
       " (0, 16): <gurobi.Constr *Awaiting Model Update*>,\n",
       " (0, 17): <gurobi.Constr *Awaiting Model Update*>,\n",
       " (0, 18): <gurobi.Constr *Awaiting Model Update*>,\n",
       " (0, 19): <gurobi.Constr *Awaiting Model Update*>,\n",
       " (1, 0): <gurobi.Constr *Awaiting Model Update*>,\n",
       " (1, 1): <gurobi.Constr *Awaiting Model Update*>,\n",
       " (1, 2): <gurobi.Constr *Awaiting Model Update*>,\n",
       " (1, 3): <gurobi.Constr *Awaiting Model Update*>,\n",
       " (1, 4): <gurobi.Constr *Awaiting Model Update*>,\n",
       " (1, 5): <gurobi.Constr *Awaiting Model Update*>,\n",
       " (1, 6): <gurobi.Constr *Awaiting Model Update*>,\n",
       " (1, 7): <gurobi.Constr *Awaiting Model Update*>,\n",
       " (1, 8): <gurobi.Constr *Awaiting Model Update*>,\n",
       " (1, 9): <gurobi.Constr *Awaiting Model Update*>,\n",
       " (1, 10): <gurobi.Constr *Awaiting Model Update*>,\n",
       " (1, 11): <gurobi.Constr *Awaiting Model Update*>,\n",
       " (1, 12): <gurobi.Constr *Awaiting Model Update*>,\n",
       " (1, 13): <gurobi.Constr *Awaiting Model Update*>,\n",
       " (1, 14): <gurobi.Constr *Awaiting Model Update*>,\n",
       " (1, 15): <gurobi.Constr *Awaiting Model Update*>,\n",
       " (1, 16): <gurobi.Constr *Awaiting Model Update*>,\n",
       " (1, 17): <gurobi.Constr *Awaiting Model Update*>,\n",
       " (1, 18): <gurobi.Constr *Awaiting Model Update*>,\n",
       " (1, 19): <gurobi.Constr *Awaiting Model Update*>,\n",
       " (2, 0): <gurobi.Constr *Awaiting Model Update*>,\n",
       " (2, 1): <gurobi.Constr *Awaiting Model Update*>,\n",
       " (2, 2): <gurobi.Constr *Awaiting Model Update*>,\n",
       " (2, 3): <gurobi.Constr *Awaiting Model Update*>,\n",
       " (2, 4): <gurobi.Constr *Awaiting Model Update*>,\n",
       " (2, 5): <gurobi.Constr *Awaiting Model Update*>,\n",
       " (2, 6): <gurobi.Constr *Awaiting Model Update*>,\n",
       " (2, 7): <gurobi.Constr *Awaiting Model Update*>,\n",
       " (2, 8): <gurobi.Constr *Awaiting Model Update*>,\n",
       " (2, 9): <gurobi.Constr *Awaiting Model Update*>,\n",
       " (2, 10): <gurobi.Constr *Awaiting Model Update*>,\n",
       " (2, 11): <gurobi.Constr *Awaiting Model Update*>,\n",
       " (2, 12): <gurobi.Constr *Awaiting Model Update*>,\n",
       " (2, 13): <gurobi.Constr *Awaiting Model Update*>,\n",
       " (2, 14): <gurobi.Constr *Awaiting Model Update*>,\n",
       " (2, 15): <gurobi.Constr *Awaiting Model Update*>,\n",
       " (2, 16): <gurobi.Constr *Awaiting Model Update*>,\n",
       " (2, 17): <gurobi.Constr *Awaiting Model Update*>,\n",
       " (2, 18): <gurobi.Constr *Awaiting Model Update*>,\n",
       " (2, 19): <gurobi.Constr *Awaiting Model Update*>,\n",
       " (3, 0): <gurobi.Constr *Awaiting Model Update*>,\n",
       " (3, 1): <gurobi.Constr *Awaiting Model Update*>,\n",
       " (3, 2): <gurobi.Constr *Awaiting Model Update*>,\n",
       " (3, 3): <gurobi.Constr *Awaiting Model Update*>,\n",
       " (3, 4): <gurobi.Constr *Awaiting Model Update*>,\n",
       " (3, 5): <gurobi.Constr *Awaiting Model Update*>,\n",
       " (3, 6): <gurobi.Constr *Awaiting Model Update*>,\n",
       " (3, 7): <gurobi.Constr *Awaiting Model Update*>,\n",
       " (3, 8): <gurobi.Constr *Awaiting Model Update*>,\n",
       " (3, 9): <gurobi.Constr *Awaiting Model Update*>,\n",
       " (3, 10): <gurobi.Constr *Awaiting Model Update*>,\n",
       " (3, 11): <gurobi.Constr *Awaiting Model Update*>,\n",
       " (3, 12): <gurobi.Constr *Awaiting Model Update*>,\n",
       " (3, 13): <gurobi.Constr *Awaiting Model Update*>,\n",
       " (3, 14): <gurobi.Constr *Awaiting Model Update*>,\n",
       " (3, 15): <gurobi.Constr *Awaiting Model Update*>,\n",
       " (3, 16): <gurobi.Constr *Awaiting Model Update*>,\n",
       " (3, 17): <gurobi.Constr *Awaiting Model Update*>,\n",
       " (3, 18): <gurobi.Constr *Awaiting Model Update*>,\n",
       " (3, 19): <gurobi.Constr *Awaiting Model Update*>,\n",
       " (4, 0): <gurobi.Constr *Awaiting Model Update*>,\n",
       " (4, 1): <gurobi.Constr *Awaiting Model Update*>,\n",
       " (4, 2): <gurobi.Constr *Awaiting Model Update*>,\n",
       " (4, 3): <gurobi.Constr *Awaiting Model Update*>,\n",
       " (4, 4): <gurobi.Constr *Awaiting Model Update*>,\n",
       " (4, 5): <gurobi.Constr *Awaiting Model Update*>,\n",
       " (4, 6): <gurobi.Constr *Awaiting Model Update*>,\n",
       " (4, 7): <gurobi.Constr *Awaiting Model Update*>,\n",
       " (4, 8): <gurobi.Constr *Awaiting Model Update*>,\n",
       " (4, 9): <gurobi.Constr *Awaiting Model Update*>,\n",
       " (4, 10): <gurobi.Constr *Awaiting Model Update*>,\n",
       " (4, 11): <gurobi.Constr *Awaiting Model Update*>,\n",
       " (4, 12): <gurobi.Constr *Awaiting Model Update*>,\n",
       " (4, 13): <gurobi.Constr *Awaiting Model Update*>,\n",
       " (4, 14): <gurobi.Constr *Awaiting Model Update*>,\n",
       " (4, 15): <gurobi.Constr *Awaiting Model Update*>,\n",
       " (4, 16): <gurobi.Constr *Awaiting Model Update*>,\n",
       " (4, 17): <gurobi.Constr *Awaiting Model Update*>,\n",
       " (4, 18): <gurobi.Constr *Awaiting Model Update*>,\n",
       " (4, 19): <gurobi.Constr *Awaiting Model Update*>,\n",
       " (5, 0): <gurobi.Constr *Awaiting Model Update*>,\n",
       " (5, 1): <gurobi.Constr *Awaiting Model Update*>,\n",
       " (5, 2): <gurobi.Constr *Awaiting Model Update*>,\n",
       " (5, 3): <gurobi.Constr *Awaiting Model Update*>,\n",
       " (5, 4): <gurobi.Constr *Awaiting Model Update*>,\n",
       " (5, 5): <gurobi.Constr *Awaiting Model Update*>,\n",
       " (5, 6): <gurobi.Constr *Awaiting Model Update*>,\n",
       " (5, 7): <gurobi.Constr *Awaiting Model Update*>,\n",
       " (5, 8): <gurobi.Constr *Awaiting Model Update*>,\n",
       " (5, 9): <gurobi.Constr *Awaiting Model Update*>,\n",
       " (5, 10): <gurobi.Constr *Awaiting Model Update*>,\n",
       " (5, 11): <gurobi.Constr *Awaiting Model Update*>,\n",
       " (5, 12): <gurobi.Constr *Awaiting Model Update*>,\n",
       " (5, 13): <gurobi.Constr *Awaiting Model Update*>,\n",
       " (5, 14): <gurobi.Constr *Awaiting Model Update*>,\n",
       " (5, 15): <gurobi.Constr *Awaiting Model Update*>,\n",
       " (5, 16): <gurobi.Constr *Awaiting Model Update*>,\n",
       " (5, 17): <gurobi.Constr *Awaiting Model Update*>,\n",
       " (5, 18): <gurobi.Constr *Awaiting Model Update*>,\n",
       " (5, 19): <gurobi.Constr *Awaiting Model Update*>,\n",
       " (6, 0): <gurobi.Constr *Awaiting Model Update*>,\n",
       " (6, 1): <gurobi.Constr *Awaiting Model Update*>,\n",
       " (6, 2): <gurobi.Constr *Awaiting Model Update*>,\n",
       " (6, 3): <gurobi.Constr *Awaiting Model Update*>,\n",
       " (6, 4): <gurobi.Constr *Awaiting Model Update*>,\n",
       " (6, 5): <gurobi.Constr *Awaiting Model Update*>,\n",
       " (6, 6): <gurobi.Constr *Awaiting Model Update*>,\n",
       " (6, 7): <gurobi.Constr *Awaiting Model Update*>,\n",
       " (6, 8): <gurobi.Constr *Awaiting Model Update*>,\n",
       " (6, 9): <gurobi.Constr *Awaiting Model Update*>,\n",
       " (6, 10): <gurobi.Constr *Awaiting Model Update*>,\n",
       " (6, 11): <gurobi.Constr *Awaiting Model Update*>,\n",
       " (6, 12): <gurobi.Constr *Awaiting Model Update*>,\n",
       " (6, 13): <gurobi.Constr *Awaiting Model Update*>,\n",
       " (6, 14): <gurobi.Constr *Awaiting Model Update*>,\n",
       " (6, 15): <gurobi.Constr *Awaiting Model Update*>,\n",
       " (6, 16): <gurobi.Constr *Awaiting Model Update*>,\n",
       " (6, 17): <gurobi.Constr *Awaiting Model Update*>,\n",
       " (6, 18): <gurobi.Constr *Awaiting Model Update*>,\n",
       " (6, 19): <gurobi.Constr *Awaiting Model Update*>,\n",
       " (7, 0): <gurobi.Constr *Awaiting Model Update*>,\n",
       " (7, 1): <gurobi.Constr *Awaiting Model Update*>,\n",
       " (7, 2): <gurobi.Constr *Awaiting Model Update*>,\n",
       " (7, 3): <gurobi.Constr *Awaiting Model Update*>,\n",
       " (7, 4): <gurobi.Constr *Awaiting Model Update*>,\n",
       " (7, 5): <gurobi.Constr *Awaiting Model Update*>,\n",
       " (7, 6): <gurobi.Constr *Awaiting Model Update*>,\n",
       " (7, 7): <gurobi.Constr *Awaiting Model Update*>,\n",
       " (7, 8): <gurobi.Constr *Awaiting Model Update*>,\n",
       " (7, 9): <gurobi.Constr *Awaiting Model Update*>,\n",
       " (7, 10): <gurobi.Constr *Awaiting Model Update*>,\n",
       " (7, 11): <gurobi.Constr *Awaiting Model Update*>,\n",
       " (7, 12): <gurobi.Constr *Awaiting Model Update*>,\n",
       " (7, 13): <gurobi.Constr *Awaiting Model Update*>,\n",
       " (7, 14): <gurobi.Constr *Awaiting Model Update*>,\n",
       " (7, 15): <gurobi.Constr *Awaiting Model Update*>,\n",
       " (7, 16): <gurobi.Constr *Awaiting Model Update*>,\n",
       " (7, 17): <gurobi.Constr *Awaiting Model Update*>,\n",
       " (7, 18): <gurobi.Constr *Awaiting Model Update*>,\n",
       " (7, 19): <gurobi.Constr *Awaiting Model Update*>,\n",
       " (8, 0): <gurobi.Constr *Awaiting Model Update*>,\n",
       " (8, 1): <gurobi.Constr *Awaiting Model Update*>,\n",
       " (8, 2): <gurobi.Constr *Awaiting Model Update*>,\n",
       " (8, 3): <gurobi.Constr *Awaiting Model Update*>,\n",
       " (8, 4): <gurobi.Constr *Awaiting Model Update*>,\n",
       " (8, 5): <gurobi.Constr *Awaiting Model Update*>,\n",
       " (8, 6): <gurobi.Constr *Awaiting Model Update*>,\n",
       " (8, 7): <gurobi.Constr *Awaiting Model Update*>,\n",
       " (8, 8): <gurobi.Constr *Awaiting Model Update*>,\n",
       " (8, 9): <gurobi.Constr *Awaiting Model Update*>,\n",
       " (8, 10): <gurobi.Constr *Awaiting Model Update*>,\n",
       " (8, 11): <gurobi.Constr *Awaiting Model Update*>,\n",
       " (8, 12): <gurobi.Constr *Awaiting Model Update*>,\n",
       " (8, 13): <gurobi.Constr *Awaiting Model Update*>,\n",
       " (8, 14): <gurobi.Constr *Awaiting Model Update*>,\n",
       " (8, 15): <gurobi.Constr *Awaiting Model Update*>,\n",
       " (8, 16): <gurobi.Constr *Awaiting Model Update*>,\n",
       " (8, 17): <gurobi.Constr *Awaiting Model Update*>,\n",
       " (8, 18): <gurobi.Constr *Awaiting Model Update*>,\n",
       " (8, 19): <gurobi.Constr *Awaiting Model Update*>,\n",
       " (9, 0): <gurobi.Constr *Awaiting Model Update*>,\n",
       " (9, 1): <gurobi.Constr *Awaiting Model Update*>,\n",
       " (9, 2): <gurobi.Constr *Awaiting Model Update*>,\n",
       " (9, 3): <gurobi.Constr *Awaiting Model Update*>,\n",
       " (9, 4): <gurobi.Constr *Awaiting Model Update*>,\n",
       " (9, 5): <gurobi.Constr *Awaiting Model Update*>,\n",
       " (9, 6): <gurobi.Constr *Awaiting Model Update*>,\n",
       " (9, 7): <gurobi.Constr *Awaiting Model Update*>,\n",
       " (9, 8): <gurobi.Constr *Awaiting Model Update*>,\n",
       " (9, 9): <gurobi.Constr *Awaiting Model Update*>,\n",
       " (9, 10): <gurobi.Constr *Awaiting Model Update*>,\n",
       " (9, 11): <gurobi.Constr *Awaiting Model Update*>,\n",
       " (9, 12): <gurobi.Constr *Awaiting Model Update*>,\n",
       " (9, 13): <gurobi.Constr *Awaiting Model Update*>,\n",
       " (9, 14): <gurobi.Constr *Awaiting Model Update*>,\n",
       " (9, 15): <gurobi.Constr *Awaiting Model Update*>,\n",
       " (9, 16): <gurobi.Constr *Awaiting Model Update*>,\n",
       " (9, 17): <gurobi.Constr *Awaiting Model Update*>,\n",
       " (9, 18): <gurobi.Constr *Awaiting Model Update*>,\n",
       " (9, 19): <gurobi.Constr *Awaiting Model Update*>,\n",
       " (10, 0): <gurobi.Constr *Awaiting Model Update*>,\n",
       " (10, 1): <gurobi.Constr *Awaiting Model Update*>,\n",
       " (10, 2): <gurobi.Constr *Awaiting Model Update*>,\n",
       " (10, 3): <gurobi.Constr *Awaiting Model Update*>,\n",
       " (10, 4): <gurobi.Constr *Awaiting Model Update*>,\n",
       " (10, 5): <gurobi.Constr *Awaiting Model Update*>,\n",
       " (10, 6): <gurobi.Constr *Awaiting Model Update*>,\n",
       " (10, 7): <gurobi.Constr *Awaiting Model Update*>,\n",
       " (10, 8): <gurobi.Constr *Awaiting Model Update*>,\n",
       " (10, 9): <gurobi.Constr *Awaiting Model Update*>,\n",
       " (10, 10): <gurobi.Constr *Awaiting Model Update*>,\n",
       " (10, 11): <gurobi.Constr *Awaiting Model Update*>,\n",
       " (10, 12): <gurobi.Constr *Awaiting Model Update*>,\n",
       " (10, 13): <gurobi.Constr *Awaiting Model Update*>,\n",
       " (10, 14): <gurobi.Constr *Awaiting Model Update*>,\n",
       " (10, 15): <gurobi.Constr *Awaiting Model Update*>,\n",
       " (10, 16): <gurobi.Constr *Awaiting Model Update*>,\n",
       " (10, 17): <gurobi.Constr *Awaiting Model Update*>,\n",
       " (10, 18): <gurobi.Constr *Awaiting Model Update*>,\n",
       " (10, 19): <gurobi.Constr *Awaiting Model Update*>,\n",
       " (11, 0): <gurobi.Constr *Awaiting Model Update*>,\n",
       " (11, 1): <gurobi.Constr *Awaiting Model Update*>,\n",
       " (11, 2): <gurobi.Constr *Awaiting Model Update*>,\n",
       " (11, 3): <gurobi.Constr *Awaiting Model Update*>,\n",
       " (11, 4): <gurobi.Constr *Awaiting Model Update*>,\n",
       " (11, 5): <gurobi.Constr *Awaiting Model Update*>,\n",
       " (11, 6): <gurobi.Constr *Awaiting Model Update*>,\n",
       " (11, 7): <gurobi.Constr *Awaiting Model Update*>,\n",
       " (11, 8): <gurobi.Constr *Awaiting Model Update*>,\n",
       " (11, 9): <gurobi.Constr *Awaiting Model Update*>,\n",
       " (11, 10): <gurobi.Constr *Awaiting Model Update*>,\n",
       " (11, 11): <gurobi.Constr *Awaiting Model Update*>,\n",
       " (11, 12): <gurobi.Constr *Awaiting Model Update*>,\n",
       " (11, 13): <gurobi.Constr *Awaiting Model Update*>,\n",
       " (11, 14): <gurobi.Constr *Awaiting Model Update*>,\n",
       " (11, 15): <gurobi.Constr *Awaiting Model Update*>,\n",
       " (11, 16): <gurobi.Constr *Awaiting Model Update*>,\n",
       " (11, 17): <gurobi.Constr *Awaiting Model Update*>,\n",
       " (11, 18): <gurobi.Constr *Awaiting Model Update*>,\n",
       " (11, 19): <gurobi.Constr *Awaiting Model Update*>,\n",
       " (12, 0): <gurobi.Constr *Awaiting Model Update*>,\n",
       " (12, 1): <gurobi.Constr *Awaiting Model Update*>,\n",
       " (12, 2): <gurobi.Constr *Awaiting Model Update*>,\n",
       " (12, 3): <gurobi.Constr *Awaiting Model Update*>,\n",
       " (12, 4): <gurobi.Constr *Awaiting Model Update*>,\n",
       " (12, 5): <gurobi.Constr *Awaiting Model Update*>,\n",
       " (12, 6): <gurobi.Constr *Awaiting Model Update*>,\n",
       " (12, 7): <gurobi.Constr *Awaiting Model Update*>,\n",
       " (12, 8): <gurobi.Constr *Awaiting Model Update*>,\n",
       " (12, 9): <gurobi.Constr *Awaiting Model Update*>,\n",
       " (12, 10): <gurobi.Constr *Awaiting Model Update*>,\n",
       " (12, 11): <gurobi.Constr *Awaiting Model Update*>,\n",
       " (12, 12): <gurobi.Constr *Awaiting Model Update*>,\n",
       " (12, 13): <gurobi.Constr *Awaiting Model Update*>,\n",
       " (12, 14): <gurobi.Constr *Awaiting Model Update*>,\n",
       " (12, 15): <gurobi.Constr *Awaiting Model Update*>,\n",
       " (12, 16): <gurobi.Constr *Awaiting Model Update*>,\n",
       " (12, 17): <gurobi.Constr *Awaiting Model Update*>,\n",
       " (12, 18): <gurobi.Constr *Awaiting Model Update*>,\n",
       " (12, 19): <gurobi.Constr *Awaiting Model Update*>,\n",
       " (13, 0): <gurobi.Constr *Awaiting Model Update*>,\n",
       " (13, 1): <gurobi.Constr *Awaiting Model Update*>,\n",
       " (13, 2): <gurobi.Constr *Awaiting Model Update*>,\n",
       " (13, 3): <gurobi.Constr *Awaiting Model Update*>,\n",
       " (13, 4): <gurobi.Constr *Awaiting Model Update*>,\n",
       " (13, 5): <gurobi.Constr *Awaiting Model Update*>,\n",
       " (13, 6): <gurobi.Constr *Awaiting Model Update*>,\n",
       " (13, 7): <gurobi.Constr *Awaiting Model Update*>,\n",
       " (13, 8): <gurobi.Constr *Awaiting Model Update*>,\n",
       " (13, 9): <gurobi.Constr *Awaiting Model Update*>,\n",
       " (13, 10): <gurobi.Constr *Awaiting Model Update*>,\n",
       " (13, 11): <gurobi.Constr *Awaiting Model Update*>,\n",
       " (13, 12): <gurobi.Constr *Awaiting Model Update*>,\n",
       " (13, 13): <gurobi.Constr *Awaiting Model Update*>,\n",
       " (13, 14): <gurobi.Constr *Awaiting Model Update*>,\n",
       " (13, 15): <gurobi.Constr *Awaiting Model Update*>,\n",
       " (13, 16): <gurobi.Constr *Awaiting Model Update*>,\n",
       " (13, 17): <gurobi.Constr *Awaiting Model Update*>,\n",
       " (13, 18): <gurobi.Constr *Awaiting Model Update*>,\n",
       " (13, 19): <gurobi.Constr *Awaiting Model Update*>,\n",
       " (14, 0): <gurobi.Constr *Awaiting Model Update*>,\n",
       " (14, 1): <gurobi.Constr *Awaiting Model Update*>,\n",
       " (14, 2): <gurobi.Constr *Awaiting Model Update*>,\n",
       " (14, 3): <gurobi.Constr *Awaiting Model Update*>,\n",
       " (14, 4): <gurobi.Constr *Awaiting Model Update*>,\n",
       " (14, 5): <gurobi.Constr *Awaiting Model Update*>,\n",
       " (14, 6): <gurobi.Constr *Awaiting Model Update*>,\n",
       " (14, 7): <gurobi.Constr *Awaiting Model Update*>,\n",
       " (14, 8): <gurobi.Constr *Awaiting Model Update*>,\n",
       " (14, 9): <gurobi.Constr *Awaiting Model Update*>,\n",
       " (14, 10): <gurobi.Constr *Awaiting Model Update*>,\n",
       " (14, 11): <gurobi.Constr *Awaiting Model Update*>,\n",
       " (14, 12): <gurobi.Constr *Awaiting Model Update*>,\n",
       " (14, 13): <gurobi.Constr *Awaiting Model Update*>,\n",
       " (14, 14): <gurobi.Constr *Awaiting Model Update*>,\n",
       " (14, 15): <gurobi.Constr *Awaiting Model Update*>,\n",
       " (14, 16): <gurobi.Constr *Awaiting Model Update*>,\n",
       " (14, 17): <gurobi.Constr *Awaiting Model Update*>,\n",
       " (14, 18): <gurobi.Constr *Awaiting Model Update*>,\n",
       " (14, 19): <gurobi.Constr *Awaiting Model Update*>,\n",
       " (15, 0): <gurobi.Constr *Awaiting Model Update*>,\n",
       " (15, 1): <gurobi.Constr *Awaiting Model Update*>,\n",
       " (15, 2): <gurobi.Constr *Awaiting Model Update*>,\n",
       " (15, 3): <gurobi.Constr *Awaiting Model Update*>,\n",
       " (15, 4): <gurobi.Constr *Awaiting Model Update*>,\n",
       " (15, 5): <gurobi.Constr *Awaiting Model Update*>,\n",
       " (15, 6): <gurobi.Constr *Awaiting Model Update*>,\n",
       " (15, 7): <gurobi.Constr *Awaiting Model Update*>,\n",
       " (15, 8): <gurobi.Constr *Awaiting Model Update*>,\n",
       " (15, 9): <gurobi.Constr *Awaiting Model Update*>,\n",
       " (15, 10): <gurobi.Constr *Awaiting Model Update*>,\n",
       " (15, 11): <gurobi.Constr *Awaiting Model Update*>,\n",
       " (15, 12): <gurobi.Constr *Awaiting Model Update*>,\n",
       " (15, 13): <gurobi.Constr *Awaiting Model Update*>,\n",
       " (15, 14): <gurobi.Constr *Awaiting Model Update*>,\n",
       " (15, 15): <gurobi.Constr *Awaiting Model Update*>,\n",
       " (15, 16): <gurobi.Constr *Awaiting Model Update*>,\n",
       " (15, 17): <gurobi.Constr *Awaiting Model Update*>,\n",
       " (15, 18): <gurobi.Constr *Awaiting Model Update*>,\n",
       " (15, 19): <gurobi.Constr *Awaiting Model Update*>,\n",
       " (16, 0): <gurobi.Constr *Awaiting Model Update*>,\n",
       " (16, 1): <gurobi.Constr *Awaiting Model Update*>,\n",
       " (16, 2): <gurobi.Constr *Awaiting Model Update*>,\n",
       " (16, 3): <gurobi.Constr *Awaiting Model Update*>,\n",
       " (16, 4): <gurobi.Constr *Awaiting Model Update*>,\n",
       " (16, 5): <gurobi.Constr *Awaiting Model Update*>,\n",
       " (16, 6): <gurobi.Constr *Awaiting Model Update*>,\n",
       " (16, 7): <gurobi.Constr *Awaiting Model Update*>,\n",
       " (16, 8): <gurobi.Constr *Awaiting Model Update*>,\n",
       " (16, 9): <gurobi.Constr *Awaiting Model Update*>,\n",
       " (16, 10): <gurobi.Constr *Awaiting Model Update*>,\n",
       " (16, 11): <gurobi.Constr *Awaiting Model Update*>,\n",
       " (16, 12): <gurobi.Constr *Awaiting Model Update*>,\n",
       " (16, 13): <gurobi.Constr *Awaiting Model Update*>,\n",
       " (16, 14): <gurobi.Constr *Awaiting Model Update*>,\n",
       " (16, 15): <gurobi.Constr *Awaiting Model Update*>,\n",
       " (16, 16): <gurobi.Constr *Awaiting Model Update*>,\n",
       " (16, 17): <gurobi.Constr *Awaiting Model Update*>,\n",
       " (16, 18): <gurobi.Constr *Awaiting Model Update*>,\n",
       " (16, 19): <gurobi.Constr *Awaiting Model Update*>,\n",
       " (17, 0): <gurobi.Constr *Awaiting Model Update*>,\n",
       " (17, 1): <gurobi.Constr *Awaiting Model Update*>,\n",
       " (17, 2): <gurobi.Constr *Awaiting Model Update*>,\n",
       " (17, 3): <gurobi.Constr *Awaiting Model Update*>,\n",
       " (17, 4): <gurobi.Constr *Awaiting Model Update*>,\n",
       " (17, 5): <gurobi.Constr *Awaiting Model Update*>,\n",
       " (17, 6): <gurobi.Constr *Awaiting Model Update*>,\n",
       " (17, 7): <gurobi.Constr *Awaiting Model Update*>,\n",
       " (17, 8): <gurobi.Constr *Awaiting Model Update*>,\n",
       " (17, 9): <gurobi.Constr *Awaiting Model Update*>,\n",
       " (17, 10): <gurobi.Constr *Awaiting Model Update*>,\n",
       " (17, 11): <gurobi.Constr *Awaiting Model Update*>,\n",
       " (17, 12): <gurobi.Constr *Awaiting Model Update*>,\n",
       " (17, 13): <gurobi.Constr *Awaiting Model Update*>,\n",
       " (17, 14): <gurobi.Constr *Awaiting Model Update*>,\n",
       " (17, 15): <gurobi.Constr *Awaiting Model Update*>,\n",
       " (17, 16): <gurobi.Constr *Awaiting Model Update*>,\n",
       " (17, 17): <gurobi.Constr *Awaiting Model Update*>,\n",
       " (17, 18): <gurobi.Constr *Awaiting Model Update*>,\n",
       " (17, 19): <gurobi.Constr *Awaiting Model Update*>,\n",
       " (18, 0): <gurobi.Constr *Awaiting Model Update*>,\n",
       " (18, 1): <gurobi.Constr *Awaiting Model Update*>,\n",
       " (18, 2): <gurobi.Constr *Awaiting Model Update*>,\n",
       " (18, 3): <gurobi.Constr *Awaiting Model Update*>,\n",
       " (18, 4): <gurobi.Constr *Awaiting Model Update*>,\n",
       " (18, 5): <gurobi.Constr *Awaiting Model Update*>,\n",
       " (18, 6): <gurobi.Constr *Awaiting Model Update*>,\n",
       " (18, 7): <gurobi.Constr *Awaiting Model Update*>,\n",
       " (18, 8): <gurobi.Constr *Awaiting Model Update*>,\n",
       " (18, 9): <gurobi.Constr *Awaiting Model Update*>,\n",
       " (18, 10): <gurobi.Constr *Awaiting Model Update*>,\n",
       " (18, 11): <gurobi.Constr *Awaiting Model Update*>,\n",
       " (18, 12): <gurobi.Constr *Awaiting Model Update*>,\n",
       " (18, 13): <gurobi.Constr *Awaiting Model Update*>,\n",
       " (18, 14): <gurobi.Constr *Awaiting Model Update*>,\n",
       " (18, 15): <gurobi.Constr *Awaiting Model Update*>,\n",
       " (18, 16): <gurobi.Constr *Awaiting Model Update*>,\n",
       " (18, 17): <gurobi.Constr *Awaiting Model Update*>,\n",
       " (18, 18): <gurobi.Constr *Awaiting Model Update*>,\n",
       " (18, 19): <gurobi.Constr *Awaiting Model Update*>,\n",
       " (19, 0): <gurobi.Constr *Awaiting Model Update*>,\n",
       " (19, 1): <gurobi.Constr *Awaiting Model Update*>,\n",
       " (19, 2): <gurobi.Constr *Awaiting Model Update*>,\n",
       " (19, 3): <gurobi.Constr *Awaiting Model Update*>,\n",
       " (19, 4): <gurobi.Constr *Awaiting Model Update*>,\n",
       " (19, 5): <gurobi.Constr *Awaiting Model Update*>,\n",
       " (19, 6): <gurobi.Constr *Awaiting Model Update*>,\n",
       " (19, 7): <gurobi.Constr *Awaiting Model Update*>,\n",
       " (19, 8): <gurobi.Constr *Awaiting Model Update*>,\n",
       " (19, 9): <gurobi.Constr *Awaiting Model Update*>,\n",
       " (19, 10): <gurobi.Constr *Awaiting Model Update*>,\n",
       " (19, 11): <gurobi.Constr *Awaiting Model Update*>,\n",
       " (19, 12): <gurobi.Constr *Awaiting Model Update*>,\n",
       " (19, 13): <gurobi.Constr *Awaiting Model Update*>,\n",
       " (19, 14): <gurobi.Constr *Awaiting Model Update*>,\n",
       " (19, 15): <gurobi.Constr *Awaiting Model Update*>,\n",
       " (19, 16): <gurobi.Constr *Awaiting Model Update*>,\n",
       " (19, 17): <gurobi.Constr *Awaiting Model Update*>,\n",
       " (19, 18): <gurobi.Constr *Awaiting Model Update*>,\n",
       " (19, 19): <gurobi.Constr *Awaiting Model Update*>}"
      ]
     },
     "execution_count": 59,
     "metadata": {},
     "output_type": "execute_result"
    }
   ],
   "source": [
    "m.addConstrs(y[i,j]<=(x[i]+x[j]) for i in range(n) for j in range(n))\n",
    "m.addConstrs(y[i,j]+x[i]+x[j]<=2 for i in range(n) for j in range(n))"
   ]
  },
  {
   "cell_type": "code",
   "execution_count": 60,
   "metadata": {},
   "outputs": [
    {
     "name": "stdout",
     "output_type": "stream",
     "text": [
      "Gurobi Optimizer version 10.0.3 build v10.0.3rc0 (win64)\n",
      "\n",
      "CPU model: Intel(R) Core(TM) i7-8565U CPU @ 1.80GHz, instruction set [SSE2|AVX|AVX2]\n",
      "Thread count: 4 physical cores, 8 logical processors, using up to 8 threads\n",
      "\n",
      "Optimize a model with 800 rows, 420 columns and 2360 nonzeros\n",
      "Model fingerprint: 0x828fac62\n",
      "Variable types: 0 continuous, 420 integer (420 binary)\n",
      "Coefficient statistics:\n",
      "  Matrix range     [1e+00, 2e+00]\n",
      "  Objective range  [2e-01, 1e+01]\n",
      "  Bounds range     [1e+00, 1e+00]\n",
      "  RHS range        [2e+00, 2e+00]\n",
      "Found heuristic solution: objective -0.0000000\n",
      "Presolve removed 420 rows and 210 columns\n",
      "Presolve time: 0.00s\n",
      "Presolved: 380 rows, 210 columns, 1140 nonzeros\n",
      "Variable types: 0 continuous, 210 integer (210 binary)\n",
