{
 "cells": [
  {
   "cell_type": "code",
   "execution_count": 33,
   "metadata": {},
   "outputs": [],
   "source": [
    "import random\n",
    "\n",
    "n = 20\n",
    "\n",
    "# Initializing an empty adjacency matrix with zeros\n",
    "W = [[0] * n for i in range(n)]\n",
    "\n",
    "# Generate random edge weights (assuming non-negative weights)\n",
    "for i in range(n):\n",
    "    for j in range(i+1, n):\n",
    "        weight = random.uniform(0, 10)  # Adjust the range as needed\n",
    "        # weight = random.randint(0, 4)  # Adjust the range as needed\n",
    "        # Ensure that edges are undirected by setting W[i][j] = W[j][i] = weight\n",
    "        W[i][j] = W[j][i] = weight"
   ]
  },
  {
   "cell_type": "code",
   "execution_count": 34,
   "metadata": {},
   "outputs": [],
   "source": [
    "W=[[0,\n",
    "  5.205884181087317,\n",
    "  8.935089929720679,\n",
    "  5.449876925091727,\n",
    "  7.936578638772054,\n",
    "  6.345693846061634,\n",
    "  5.547071835485806,\n",
    "  1.8629925394015123,\n",
    "  3.5739285432587033,\n",
    "  6.147851738150712,\n",
    "  5.268905835991231,\n",
    "  6.71712867276406,\n",
    "  9.115456686363748,\n",
    "  1.9904179054742621,\n",
    "  9.56973239688716,\n",
    "  4.80723588019049,\n",
    "  0.8883477864906253,\n",
    "  4.770516553896103,\n",
    "  3.0614760444863762,\n",
    "  8.592361489974735],\n",
    " [5.205884181087317,\n",
    "  0,\n",
    "  7.006052124193075,\n",
    "  0.24819682229077822,\n",
    "  2.479545191348299,\n",
    "  0.6570459051954081,\n",
    "  5.012720920983091,\n",
    "  0.6913149013860498,\n",
    "  6.792677789361391,\n",
    "  8.728427461895055,\n",
    "  7.185145045224485,\n",
    "  7.390545350758925,\n",
    "  9.727366505625469,\n",
    "  6.710426896240395,\n",
    "  3.1569478361521828,\n",
    "  7.183924462340842,\n",
    "  8.329030953189093,\n",
    "  3.7188660389831685,\n",
    "  7.300472676311633,\n",
    "  5.953200659475582],\n",
    " [8.935089929720679,\n",
    "  7.006052124193075,\n",
    "  0,\n",
    "  5.555544695733502,\n",
    "  9.473991909350437,\n",
    "  6.09900126856447,\n",
    "  4.3777250355003074,\n",
    "  8.83867141902575,\n",
    "  2.10696936190602,\n",
    "  8.366759151172582,\n",
    "  6.001774514939359,\n",
    "  4.367919889235081,\n",
    "  0.8886109319983226,\n",
    "  5.891986926719246,\n",
    "  9.160573355125115,\n",
    "  3.3657511436893914,\n",
    "  2.0879543069557602,\n",
    "  6.317843138689836,\n",
    "  9.40303304095081,\n",
    "  8.851941464142207],\n",
    " [5.449876925091727,\n",
    "  0.24819682229077822,\n",
    "  5.555544695733502,\n",
    "  0,\n",
    "  1.1387185605087147,\n",
    "  3.864661460504241,\n",
    "  1.8548298383186346,\n",
    "  1.5159809318981865,\n",
    "  3.946925683231158,\n",
    "  5.473949210124742,\n",
    "  1.2944759158074115,\n",
    "  7.046299242253874,\n",
    "  6.2585550707366195,\n",
    "  8.933261696368044,\n",
    "  7.150231652619814,\n",
    "  6.590061529635277,\n",
    "  2.363141275362126,\n",
    "  9.421239431979858,\n",
    "  2.0517925944914808,\n",
    "  9.792204187452146],\n",
    " [7.936578638772054,\n",
    "  2.479545191348299,\n",
    "  9.473991909350437,\n",
    "  1.1387185605087147,\n",
    "  0,\n",
    "  5.6994578366460535,\n",
    "  6.186981610716264,\n",
    "  3.9882516090449913,\n",
    "  8.403227068239836,\n",
    "  5.812382654893387,\n",
    "  0.354803472027847,\n",
    "  9.38935366674386,\n",
    "  5.011322731458324,\n",
    "  4.099413384562682,\n",
    "  2.767256072341835,\n",
    "  4.191199523029382,\n",
    "  0.31383669586499296,\n",
    "  8.975938161221357,\n",
    "  7.485819563999252,\n",
    "  7.4296058419848565],\n",
    " [6.345693846061634,\n",
    "  0.6570459051954081,\n",
    "  6.09900126856447,\n",
    "  3.864661460504241,\n",
    "  5.6994578366460535,\n",
    "  0,\n",
    "  6.7422425867485645,\n",
    "  4.720447909711394,\n",
    "  6.803473733311927,\n",
    "  2.4140271017228843,\n",
    "  6.707210555893508,\n",
    "  0.22654558642557499,\n",
    "  6.865273239181036,\n",
    "  8.881317448508646,\n",
    "  5.64365220439873,\n",
    "  3.1501965604486792,\n",
    "  6.111370683995641,\n",
    "  2.633220961824554,\n",
    "  9.794963193928599,\n",
    "  0.8597446442934675],\n",
    " [5.547071835485806,\n",
    "  5.012720920983091,\n",
    "  4.3777250355003074,\n",
    "  1.8548298383186346,\n",
    "  6.186981610716264,\n",
    "  6.7422425867485645,\n",
    "  0,\n",
    "  9.995154313097446,\n",
    "  7.83626869445577,\n",
    "  1.9942426589498252,\n",
    "  3.5397785177708707,\n",
    "  1.9133223606200167,\n",
    "  9.353569792605912,\n",
    "  1.0923103215565133,\n",
    "  2.313346742556883,\n",
    "  7.320028578369826,\n",
    "  6.361081779330108,\n",
    "  4.672183275630472,\n",
    "  2.786803910331331,\n",
    "  3.1357650724494257],\n",
    " [1.8629925394015123,\n",
    "  0.6913149013860498,\n",
    "  8.83867141902575,\n",
    "  1.5159809318981865,\n",
    "  3.9882516090449913,\n",
    "  4.720447909711394,\n",
    "  9.995154313097446,\n",
    "  0,\n",
    "  6.957278590854256,\n",
    "  3.836456119683999,\n",
    "  2.2449711489127546,\n",
    "  4.3061287134095725,\n",
    "  2.3018056571854775,\n",
    "  9.742566561346251,\n",
    "  0.4737570344984865,\n",
    "  3.912786701106733,\n",
    "  0.6834560700551484,\n",
    "  3.77558147306471,\n",
    "  9.11765047863353,\n",
    "  3.1136772355402167],\n",
    " [3.5739285432587033,\n",
    "  6.792677789361391,\n",
    "  2.10696936190602,\n",
    "  3.946925683231158,\n",
    "  8.403227068239836,\n",
    "  6.803473733311927,\n",
    "  7.83626869445577,\n",
    "  6.957278590854256,\n",
    "  0,\n",
    "  3.357696641868819,\n",
    "  1.9874093706125362,\n",
    "  4.958243084283024,\n",
    "  2.2942644954371696,\n",
    "  7.4859723096607595,\n",
    "  1.8537085591264657,\n",
    "  2.505772720959788,\n",
    "  0.3922390431568801,\n",
    "  3.255890608494907,\n",
    "  0.849674647325046,\n",
    "  5.754118859050753],\n",
    " [6.147851738150712,\n",
    "  8.728427461895055,\n",
    "  8.366759151172582,\n",
    "  5.473949210124742,\n",
    "  5.812382654893387,\n",
    "  2.4140271017228843,\n",
    "  1.9942426589498252,\n",
    "  3.836456119683999,\n",
    "  3.357696641868819,\n",
    "  0,\n",
    "  1.0135826872530262,\n",
    "  5.443073336404027,\n",
    "  6.6701762881627324,\n",
    "  4.145517701713589,\n",
    "  4.144777006071801,\n",
    "  5.141792436056324,\n",
    "  4.227520664480085,\n",
    "  1.7409813488877846,\n",
    "  9.265012493546186,\n",
    "  7.29949816228916],\n",
    " [5.268905835991231,\n",
    "  7.185145045224485,\n",
    "  6.001774514939359,\n",
    "  1.2944759158074115,\n",
    "  0.354803472027847,\n",
    "  6.707210555893508,\n",
    "  3.5397785177708707,\n",
    "  2.2449711489127546,\n",
    "  1.9874093706125362,\n",
    "  1.0135826872530262,\n",
    "  0,\n",
    "  1.8280028807986293,\n",
    "  9.895826929487995,\n",
    "  2.1975489413851945,\n",
    "  4.569869209034759,\n",
    "  5.295336538794704,\n",
    "  7.568085124750937,\n",
    "  4.180952662184377,\n",
    "  9.373627970754026,\n",
    "  8.742594237379265],\n",
    " [6.71712867276406,\n",
    "  7.390545350758925,\n",
    "  4.367919889235081,\n",
    "  7.046299242253874,\n",
    "  9.38935366674386,\n",
    "  0.22654558642557499,\n",
    "  1.9133223606200167,\n",
    "  4.3061287134095725,\n",
    "  4.958243084283024,\n",
    "  5.443073336404027,\n",
    "  1.8280028807986293,\n",
    "  0,\n",
    "  9.3911773227738,\n",
    "  1.0895594530416874,\n",
    "  7.752063745612258,\n",
    "  1.553785804917599,\n",
    "  0.9723569244626196,\n",
    "  9.04474316594311,\n",
    "  3.0408908527788014,\n",
    "  1.5183598630972328],\n",
    " [9.115456686363748,\n",
    "  9.727366505625469,\n",
    "  0.8886109319983226,\n",
    "  6.2585550707366195,\n",
    "  5.011322731458324,\n",
    "  6.865273239181036,\n",
    "  9.353569792605912,\n",
    "  2.3018056571854775,\n",
    "  2.2942644954371696,\n",
    "  6.6701762881627324,\n",
    "  9.895826929487995,\n",
    "  9.3911773227738,\n",
    "  0,\n",
    "  3.886167504426037,\n",
    "  4.0690460908860455,\n",
    "  7.905546328386604,\n",
    "  0.8302678476086445,\n",
    "  4.7398292765342696,\n",
    "  8.78576370565924,\n",
    "  3.2678001452762406],\n",
    " [1.9904179054742621,\n",
    "  6.710426896240395,\n",
    "  5.891986926719246,\n",
    "  8.933261696368044,\n",
    "  4.099413384562682,\n",
    "  8.881317448508646,\n",
    "  1.0923103215565133,\n",
    "  9.742566561346251,\n",
    "  7.4859723096607595,\n",
    "  4.145517701713589,\n",
    "  2.1975489413851945,\n",
    "  1.0895594530416874,\n",
    "  3.886167504426037,\n",
    "  0,\n",
    "  9.539831477512683,\n",
    "  7.554552616229783,\n",
    "  1.008023243305306,\n",
    "  6.606205740242216,\n",
    "  2.0104986337326425,\n",
    "  1.3150621354532899],\n",
    " [9.56973239688716,\n",
    "  3.1569478361521828,\n",
    "  9.160573355125115,\n",
    "  7.150231652619814,\n",
    "  2.767256072341835,\n",
    "  5.64365220439873,\n",
    "  2.313346742556883,\n",
    "  0.4737570344984865,\n",
    "  1.8537085591264657,\n",
    "  4.144777006071801,\n",
    "  4.569869209034759,\n",
    "  7.752063745612258,\n",
    "  4.0690460908860455,\n",
    "  9.539831477512683,\n",
    "  0,\n",
    "  4.871374070289377,\n",
    "  3.3189639731201503,\n",
    "  4.949802889803371,\n",
    "  5.284655805293791,\n",
    "  3.92214744640931],\n",
    " [4.80723588019049,\n",
    "  7.183924462340842,\n",
    "  3.3657511436893914,\n",
    "  6.590061529635277,\n",
    "  4.191199523029382,\n",
    "  3.1501965604486792,\n",
    "  7.320028578369826,\n",
    "  3.912786701106733,\n",
    "  2.505772720959788,\n",
    "  5.141792436056324,\n",
    "  5.295336538794704,\n",
    "  1.553785804917599,\n",
    "  7.905546328386604,\n",
    "  7.554552616229783,\n",
    "  4.871374070289377,\n",
    "  0,\n",
    "  6.541847976396493,\n",
    "  7.846119862896424,\n",
    "  3.2980511588592143,\n",
    "  9.34442566737461],\n",
    " [0.8883477864906253,\n",
    "  8.329030953189093,\n",
    "  2.0879543069557602,\n",
    "  2.363141275362126,\n",
    "  0.31383669586499296,\n",
    "  6.111370683995641,\n",
    "  6.361081779330108,\n",
    "  0.6834560700551484,\n",
    "  0.3922390431568801,\n",
    "  4.227520664480085,\n",
    "  7.568085124750937,\n",
    "  0.9723569244626196,\n",
    "  0.8302678476086445,\n",
    "  1.008023243305306,\n",
    "  3.3189639731201503,\n",
    "  6.541847976396493,\n",
    "  0,\n",
    "  7.445560386220057,\n",
    "  5.43131339501304,\n",
    "  4.508245605895828],\n",
    " [4.770516553896103,\n",
    "  3.7188660389831685,\n",
    "  6.317843138689836,\n",
    "  9.421239431979858,\n",
    "  8.975938161221357,\n",
    "  2.633220961824554,\n",
    "  4.672183275630472,\n",
    "  3.77558147306471,\n",
    "  3.255890608494907,\n",
    "  1.7409813488877846,\n",
    "  4.180952662184377,\n",
    "  9.04474316594311,\n",
    "  4.7398292765342696,\n",
    "  6.606205740242216,\n",
    "  4.949802889803371,\n",
    "  7.846119862896424,\n",
    "  7.445560386220057,\n",
    "  0,\n",
    "  5.804344917123931,\n",
    "  6.692136250213373],\n",
    " [3.0614760444863762,\n",
    "  7.300472676311633,\n",
    "  9.40303304095081,\n",
    "  2.0517925944914808,\n",
    "  7.485819563999252,\n",
    "  9.794963193928599,\n",
    "  2.786803910331331,\n",
    "  9.11765047863353,\n",
    "  0.849674647325046,\n",
    "  9.265012493546186,\n",
    "  9.373627970754026,\n",
    "  3.0408908527788014,\n",
    "  8.78576370565924,\n",
    "  2.0104986337326425,\n",
    "  5.284655805293791,\n",
    "  3.2980511588592143,\n",
    "  5.43131339501304,\n",
    "  5.804344917123931,\n",
    "  0,\n",
    "  3.4858624777505645],\n",
    " [8.592361489974735,\n",
    "  5.953200659475582,\n",
    "  8.851941464142207,\n",
    "  9.792204187452146,\n",
    "  7.4296058419848565,\n",
    "  0.8597446442934675,\n",
    "  3.1357650724494257,\n",
    "  3.1136772355402167,\n",
    "  5.754118859050753,\n",
    "  7.29949816228916,\n",
    "  8.742594237379265,\n",
    "  1.5183598630972328,\n",
    "  3.2678001452762406,\n",
    "  1.3150621354532899,\n",
    "  3.92214744640931,\n",
    "  9.34442566737461,\n",
    "  4.508245605895828,\n",
    "  6.692136250213373,\n",
    "  3.4858624777505645,\n",
    "  0]]"
   ]
  },
  {
   "cell_type": "code",
   "execution_count": 35,
   "metadata": {},
   "outputs": [],
   "source": [
    "A = []\n",
    "B = []\n",
    "\n",
    "for i in range(n):\n",
    "    r = random.randint(0,1)\n",
    "    if r == 0:\n",
    "        A.append(i)\n",
    "    else:\n",
    "        B.append(i)"
   ]
  },
  {
   "cell_type": "code",
   "execution_count": 36,
   "metadata": {},
   "outputs": [
    {
     "name": "stdout",
     "output_type": "stream",
     "text": [
      "[0, 1, 4, 6, 7, 8, 13, 14, 15, 17, 18, 19]\n",
      "[2, 3, 5, 9, 10, 11, 12, 16]\n"
     ]
    }
   ],
   "source": [
    "print(A)\n",
    "print(B)"
   ]
  },
  {
   "cell_type": "code",
   "execution_count": 37,
   "metadata": {},
   "outputs": [],
   "source": [
    "def count_weight(W:list, A:list, B:list):\n",
    "    total_weight = 0\n",
    "    for i in A:\n",
    "        for j in B:\n",
    "            total_weight += W[i][j]\n",
    "    return total_weight"
   ]
  },
  {
   "cell_type": "code",
   "execution_count": 38,
   "metadata": {},
   "outputs": [
    {
     "name": "stdout",
     "output_type": "stream",
     "text": [
      "The (sub)optimal set A is [0, 1, 4, 6, 7, 8, 13, 14, 15, 17, 18, 19]\n",
      "The (sub)optimal set B is [2, 3, 5, 9, 10, 11, 12, 16]\n",
      "The total weight of these sets is: 494.66399546990766\n"
     ]
    }
   ],
   "source": [
    "print(\"The (sub)optimal set A is {}\".format(A))\n",
    "print(\"The (sub)optimal set B is {}\".format(B))\n",
    "total_weight = count_weight(W, A, B)\n",
    "print(\"The total weight of these sets is: {}\".format(total_weight))"
   ]
  },
  {
   "cell_type": "code",
   "execution_count": 39,
   "metadata": {},
   "outputs": [
    {
     "name": "stdout",
     "output_type": "stream",
     "text": [
      "The optimal set A is [1, 6, 8, 9, 11, 14, 15, 17, 18, 19]\n",
      "The optimal set B is [0, 2, 3, 4, 5, 7, 10, 12, 13, 16]\n",
      "The total weight of these sets is: 532.1186296850776\n"
     ]
    }
   ],
   "source": [
    "for i in range(n):\n",
    "    temp_A = A.copy()\n",
    "    temp_B = B.copy()\n",
    "    # print(\"the old set A is: {}\".format(A))\n",
    "    # print(\"the old set B is: {}\".format(B))\n",
    "    if i in A:\n",
    "        # print(str(r)+\" is in A\")\n",
    "        temp_B.append(i)\n",
    "        temp_A.remove(i)\n",
    "    else:\n",
    "        # print(str(r)+\" is in B\")\n",
    "        temp_A.append(i)\n",
    "        temp_B.remove(i)\n",
    "    new_weight = count_weight(W, temp_A, temp_B)\n",
    "    # print(\"the new weight is: {}\".format(new_weight))\n",
    "    # print(\"the old weight is: {}\".format(total_weight))\n",
    "    # print(\"the new set A is: {}\".format(temp_A))\n",
    "    # print(\"the new set B is: {}\".format(temp_B))\n",
    "    if new_weight >= total_weight:\n",
    "        # print('success this new set is an improvement')\n",
    "        A = temp_A\n",
    "        B = temp_B\n",
    "        total_weight = new_weight\n",
    "    # print()\n",
    "A = sorted(A)\n",
    "B = sorted(B)\n",
    "print(\"The optimal set A is {}\".format(A))\n",
    "print(\"The optimal set B is {}\".format(B))\n",
    "total_weight = count_weight(W, A, B)\n",
    "print(\"The total weight of these sets is: {}\".format(total_weight))"
   ]
  },
  {
   "cell_type": "code",
   "execution_count": null,
   "metadata": {},
   "outputs": [],
   "source": [
    "\n"
   ]
  },
  {
   "cell_type": "code",
   "execution_count": null,
   "metadata": {},
   "outputs": [],
   "source": []
  }
 ],
 "metadata": {
  "kernelspec": {
   "display_name": "Python 3",
   "language": "python",
   "name": "python3"
  },
  "language_info": {
   "codemirror_mode": {
    "name": "ipython",
    "version": 3
   },
   "file_extension": ".py",
   "mimetype": "text/x-python",
   "name": "python",
   "nbconvert_exporter": "python",
   "pygments_lexer": "ipython3",
   "version": "3.10.6"
  },
  "orig_nbformat": 4
 },
 "nbformat": 4,
 "nbformat_minor": 2
}
